100 0.09443 0.077318 0.093314 0.108273 1.01509
200 0.355266 0.08327 0.094542 0.108603 1.015299
300 0.492791 0.092852 0.097302 0.108606 1.015466
400 0.577391 0.106354 0.101734 0.108628 1.014882
500 0.632503 0.124129 0.107835 0.108759 1.0163
600 0.67827 0.150752 0.115704 0.109135 1.015382
700 0.712478 0.185225 0.12519 0.109831 1.014924
800 0.741001 0.221158 0.136335 0.110869 1.01484
900 0.763738 0.260593 0.149065 0.112269 1.015841
1000 0.780799 0.300941 0.163214 0.114067 1.015299
1100 0.79839 0.339176 0.178605 0.116254 1.014924
1200 0.806378 0.377257 0.195037 0.118857 1.015633
1300 0.820799 0.415211 0.212185 0.121858 1.015674
1400 0.832139 0.450627 0.229927 0.125219 1.014924
1500 0.840438 0.484503 0.248097 0.129004 1.015591
1600 0.850969 0.514989 0.266653 0.133152 1.014882
1700 0.859423 0.542476 0.285194 0.137673 1.015716
1800 0.866 0.566665 0.303811 0.142603 1.015216
1900 0.871585 0.588879 0.322449 0.147835 1.015591
2000 0.875954 0.608626 0.340922 0.153415 1.014673
2100 0.879578 0.626619 0.359207 0.159326 1.014506
2200 0.882484 0.644607 0.377133 0.165568 1.015216
2300 0.888233 0.660598 0.394376 0.172224 1.014632
2400 0.893807 0.673847 0.411123 0.179367 1.016133
2500 0.898463 0.687742 0.427403 0.186945 1.015674
2600 0.902727 0.699696 0.442987 0.19501 1.015883
2700 0.908037 0.711081 0.457664 0.203403 1.01605
2800 0.908823 0.722118 0.471924 0.21206 1.015174
2900 0.911484 0.731852 0.485973 0.220851 1.015007
3000 0.904618 0.740565 0.498252 0.230058 1.014924
3100 0.913884 0.747495 0.511058 0.239492 1.016217
3200 0.913324 0.755952 0.52392 0.249135 1.015049
3300 0.917751 0.76013 0.535933 0.258918 1.016217
3400 0.920173 0.765811 0.546895 0.268819 1.015007
3500 0.916548 0.770951 0.557391 0.278918 1.015508
3600 0.922374 0.775652 0.567351 0.289082 1.015382
3700 0.926331 0.782835 0.57651 0.299376 1.015674
3800 0.927225 0.787316 0.586032 0.309593 1.015549
3900 0.927325 0.791404 0.595085 0.319651 1.016968
4000 0.925132 0.796461 0.602976 0.329259 1.015591
4100 0.930686 0.799853 0.610802 0.339193 1.015174
4200 0.930906 0.804464 0.619077 0.349674 1.015382
4300 0.929428 0.805007 0.627127 0.359918 1.014798
4400 0.932065 0.810396 0.627013 0.370233 1.015508
4500 0.932927 0.814977 0.636522 0.380679 1.016217
4600 0.935386 0.817866 0.644363 0.391136 1.016175
4700 0.93249 0.818526 0.65219 0.401615 1.015508
4800 0.935628 0.820652 0.659097 0.412218 1.015132
4900 0.941219 0.822546 0.665785 0.422737 1.015758
5000 0.941017 0.827479 0.671437 0.433164 1.015382
5100 0.944862 0.831146 0.675363 0.443365 1.015382
5200 0.944313 0.835099 0.681737 0.453288 1.015716
5300 0.946826 0.8372 0.685302 0.462818 1.015841
5400 0.946918 0.838419 0.692085 0.471864 1.016092
5500 0.939346 0.836351 0.696639 0.480705 1.0163
5600 0.946465 0.840508 0.70049 0.489501 1.014924
5700 0.948257 0.838036 0.702153 0.498461 1.015549
5800 0.948093 0.84083 0.708555 0.506725 1.0163
5900 0.944913 0.841138 0.711086 0.515162 1.014924
6000 0.949913 0.846184 0.717113 0.521891 1.014882
6100 0.952365 0.843122 0.721725 0.530498 1.015299
6200 0.953901 0.845507 0.72579 0.538853 1.016259
6300 0.952317 0.849621 0.726853 0.545927 1.015132
6400 0.950882 0.850658 0.73173 0.553451 1.015299
6500 0.951715 0.855357 0.735235 0.559262 1.015424
6600 0.946904 0.8568 0.735972 0.566934 1.015424
6700 0.953329 0.85901 0.740062 0.573617 1.015174
6800 0.952206 0.852639 0.742693 0.580817 1.016634
6900 0.953682 0.855918 0.743822 0.587024 1.015633
7000 0.953552 0.859305 0.743955 0.592411 1.01434
7100 0.953682 0.860944 0.750286 0.598051 1.0158
7200 0.956591 0.859367 0.757217 0.60354 1.01605
7300 0.957255 0.860812 0.759568 0.608122 1.015257
7400 0.958025 0.866692 0.76296 0.613209 1.014882
7500 0.955999 0.868451 0.767198 0.618546 1.015424
7600 0.956174 0.867516 0.770689 0.621742 1.016592
7700 0.959443 0.872935 0.772883 0.625736 1.017594
7800 0.958403 0.8729 0.77412 0.631973 1.015967
7900 0.949555 0.876088 0.777557 0.637215 1.014632
8000 0.960625 0.877326 0.777682 0.640684 1.015049
8100 0.962276 0.876223 0.778659 0.645056 1.016509
8200 0.963301 0.880834 0.779476 0.649798 1.015007
8300 0.962835 0.8809 0.783191 0.654221 1.015758
8400 0.962604 0.871579 0.787273 0.659048 1.01509
8500 0.963474 0.882695 0.790415 0.663623 1.016425
8600 0.965273 0.885116 0.793273 0.667681 1.015132
8700 0.966736 0.873347 0.794614 0.670378 1.016092
8800 0.967838 0.879069 0.796388 0.671203 1.015841
8900 0.967363 0.885368 0.798398 0.674091 1.015674
9000 0.964455 0.885154 0.800866 0.67629 1.015007
9100 0.96909 0.891348 0.804362 0.678588 1.015382
9200 0.970436 0.893499 0.805299 0.682548 1.01605
9300 0.970492 0.894631 0.807266 0.685985 1.015382
9400 0.969701 0.898304 0.80813 0.688028 1.015216
9500 0.969427 0.898272 0.808771 0.690642 1.015007
9600 0.971525 0.898881 0.805899 0.692738 1.015257
9700 0.970087 0.899649 0.809367 0.69502 1.015174
9800 0.968418 0.89975 0.810399 0.696981 1.01776
9900 0.971088 0.902074 0.810988 0.699407 1.015758
10000 0.973201 0.90214 0.81457 0.701772 1.016551
10100 0.973286 0.899746 0.818587 0.702607 1.016008
10200 0.97456 0.904616 0.818095 0.703968 1.015549
10300 0.973932 0.906356 0.820307 0.704619 1.016843
10400 0.971005 0.908257 0.821304 0.707713 1.014924
10500 0.976835 0.909695 0.82089 0.709634 1.0163
10600 0.978009 0.910454 0.819662 0.711256 1.015174
10700 0.978857 0.912666 0.821373 0.714041 1.015591
10800 0.979548 0.914107 0.823818 0.716463 1.016634
10900 0.979555 0.915273 0.825338 0.717039 1.016217
11000 0.978873 0.915898 0.826827 0.719778 1.015549
11100 0.979705 0.917288 0.829585 0.722948 1.016467
11200 0.980479 0.911119 0.830478 0.724537 1.016592
11300 0.981704 0.917586 0.831564 0.725143 1.0163
11400 0.981404 0.920864 0.833002 0.72614 1.015967
11500 0.980222 0.922703 0.836135 0.727599 1.015674
11600 0.98118 0.923609 0.835973 0.729847 1.016217
11700 0.980978 0.923946 0.838823 0.731412 1.015758
11800 0.981878 0.925506 0.841916 0.731685 1.016217
11900 0.982338 0.925947 0.839615 0.733929 1.016926
12000 0.981808 0.92699 0.840095 0.736135 1.014798
12100 0.982782 0.927133 0.841962 0.738684 1.016843
12200 0.98434 0.927865 0.844151 0.740392 1.015674
12300 0.984859 0.929621 0.847312 0.742523 1.016551
12400 0.985802 0.930617 0.849405 0.743412 1.015925
12500 0.985521 0.931889 0.85024 0.743602 1.016467
12600 0.985497 0.93336 0.852965 0.744726 1.0163
12700 0.986505 0.93513 0.854766 0.745978 1.01605
12800 0.987053 0.936516 0.8547 0.74857 1.014924
12900 0.987946 0.935898 0.854802 0.750606 1.016384
13000 0.988239 0.936131 0.856837 0.750918 1.015466
13100 0.988297 0.93734 0.858117 0.752998 1.016092
13200 0.988149 0.938838 0.860255 0.755929 1.01459
13300 0.987895 0.939709 0.862681 0.758135 1.015841
13400 0.988093 0.93852 0.86501 0.759039 1.016092
13500 0.989001 0.939858 0.866155 0.760274 1.015216
13600 0.989489 0.94153 0.867306 0.761181 1.016384
13700 0.990125 0.942593 0.868851 0.762674 1.016008
13800 0.989827 0.943404 0.868746 0.764397 1.015549
13900 0.990115 0.943247 0.867187 0.766272 1.015883
14000 0.990146 0.945231 0.869827 0.768854 1.015841
14100 0.990539 0.943137 0.871417 0.770663 1.016133
14200 0.991014 0.945605 0.874763 0.770636 1.015925
14300 0.991533 0.946361 0.876799 0.770785 1.014965
14400 0.991989 0.948501 0.878308 0.773531 1.016634
14500 0.992062 0.949276 0.878521 0.776747 1.016968
14600 0.992401 0.949699 0.880855 0.77957 1.015466
14700 0.992665 0.950497 0.881549 0.782694 1.016467
14800 0.993154 0.951257 0.879151 0.785557 1.016592
14900 0.993553 0.952439 0.8823 0.78781 1.016717
15000 0.993604 0.953038 0.883747 0.785897 1.016592
15100 0.994015 0.952801 0.884541 0.785607 1.015341
15200 0.994312 0.95372 0.885218 0.787312 1.01484
15300 0.994036 0.954776 0.887945 0.788847 1.015049
15400 0.994508 0.955949 0.890631 0.790745 1.015883
15500 0.994945 0.957025 0.892475 0.793632 1.015299
15600 0.995344 0.957964 0.894343 0.795479 1.014548
15700 0.995621 0.958753 0.89594 0.797649 1.016175
15800 0.995944 0.958944 0.895797 0.799691 1.014131
15900 0.996188 0.960344 0.897241 0.801962 1.016175
16000 0.996367 0.961144 0.898665 0.803769 1.017051
16100 0.996611 0.96203 0.89995 0.804601 1.0163
16200 0.996974 0.962917 0.90092 0.803429 1.015299
16300 0.997192 0.961913 0.902229 0.806506 1.015508
16400 0.997171 0.962556 0.904282 0.80933 1.016217
16500 0.997407 0.962338 0.906093 0.81206 1.0158
16600 0.997666 0.96422 0.907711 0.815233 1.015216
16700 0.997871 0.964767 0.908502 0.818132 1.015299
16800 0.997976 0.96578 0.909302 0.819848 1.01509
16900 0.998006 0.966407 0.910224 0.818477 1.015257
17000 0.998107 0.967131 0.91099 0.820582 1.015424
17100 0.998174 0.967634 0.911641 0.821901 1.014757
17200 0.998371 0.96781 0.9132 0.82568 1.016467
17300 0.998774 0.968596 0.913075 0.828628 1.015257
17400 0.999077 0.969423 0.913839 0.830735 1.015049
17500 0.999232 0.96951 0.915501 0.831126 1.0163
17600 0.999508 0.970517 0.917228 0.833364 1.015424
17700 0.999758 0.971387 0.918778 0.836442 1.015382
17800 1.000045 0.972275 0.92019 0.837598 1.016092
17900 0.999849 0.972988 0.920607 0.839494 1.016175
18000 1.000153 0.973432 0.920792 0.838363 1.01605
18100 1.00049 0.973699 0.922409 0.842507 1.016843
18200 1.000752 0.973653 0.924183 0.845194 1.016175
18300 1.000831 0.973277 0.925274 0.848273 1.015049
18400 1.000925 0.973615 0.926069 0.850343 1.015424
18500 1.001089 0.974513 0.92753 0.852031 1.016092
18600 1.001292 0.975205 0.928883 0.853259 1.014757
18700 1.001454 0.974848 0.929192 0.853855 1.014673
18800 1.001285 0.976182 0.930474 0.855404 1.015758
18900 1.001741 0.97699 0.931627 0.858259 1.015508
19000 1.001905 0.977357 0.932935 0.861001 1.015382
19100 1.002021 0.977856 0.93369 0.863348 1.016592
19200 1.002087 0.978715 0.935161 0.865114 1.016717
19300 1.002419 0.979318 0.936093 0.866205 1.014548
19400 1.00265 0.979972 0.937332 0.868282 1.015424
19500 1.002825 0.980486 0.938702 0.870028 1.016592
19600 1.002969 0.980865 0.939945 0.872336 1.016509
19700 1.001468 0.981333 0.940969 0.874705 1.014882
19800 1.003089 0.981946 0.941588 0.876663 1.015758
19900 1.003373 0.982569 0.941465 0.878848 1.015883
20000 1.003557 0.982649 0.941571 0.879516 1.014965
20100 1.003705 0.983239 0.943242 0.880916 1.015049
20200 1.003834 0.983593 0.944378 0.882734 1.016008
20300 1.003861 0.983229 0.944896 0.884747 1.015299
20400 1.003998 0.983389 0.946036 0.885677 1.015591
20500 1.004206 0.984353 0.947144 0.881921 1.014924
20600 1.004323 0.985094 0.947998 0.885828 1.015257
20700 1.004438 0.985333 0.949105 0.888888 1.015466
20800 1.004536 0.985827 0.950231 0.889852 1.015424
20900 1.004584 0.986191 0.950181 0.891744 1.015257
21000 1.004768 0.985977 0.950842 0.893194 1.01459
21100 1.004797 0.985881 0.952119 0.894493 1.015424
21200 1.004986 0.986848 0.95304 0.89677 1.015341
21300 1.005153 0.987507 0.954048 0.897718 1.015758
21400 1.005305 0.988018 0.954547 0.896006 1.015549
21500 1.005457 0.988359 0.955259 0.899068 1.015633
21600 1.005428 0.98846 0.955688 0.901436 1.016425
21700 1.005638 0.988802 0.956438 0.903775 1.014757
21800 1.005703 0.989232 0.956771 0.905745 1.015716
21900 1.005837 0.989295 0.957511 0.907731 1.015424
22000 1.00594 0.989762 0.958309 0.906723 1.01509
22100 1.00599 0.990224 0.959223 0.90921 1.016467
22200 1.005962 0.990075 0.958662 0.911338 1.016592
22300 1.00614 0.990844 0.960609 0.913228 1.016092
22400 1.006136 0.991152 0.960585 0.91487 1.016342
22500 1.006176 0.991364 0.962188 0.915431 1.014757
22600 1.006343 0.991493 0.963327 0.917331 1.015007
22700 1.006332 0.991586 0.963544 0.919082 1.015716
22800 1.006371 0.992134 0.963904 0.920653 1.015591
22900 1.006366 0.992388 0.964841 0.921119 1.014089
23000 1.006351 0.992692 0.965396 0.921751 1.014882
23100 1.006581 0.993129 0.966382 0.923565 1.017301
23200 1.006687 0.993472 0.967279 0.925479 1.014798
23300 1.006699 0.993809 0.967825 0.926854 1.01605
23400 1.006892 0.993965 0.968296 0.928309 1.015049
23500 1.006962 0.99433 0.96892 0.929116 1.016425
23600 1.007012 0.994707 0.969156 0.930098 1.01605
23700 1.007076 0.994971 0.969912 0.93205 1.014548
23800 1.007179 0.995236 0.970665 0.933028 1.01605
23900 1.007477 0.995486 0.971219 0.934822 1.015841
24000 1.007775 0.995772 0.971343 0.935108 1.016384
24100 1.007984 0.996115 0.971911 0.936573 1.015132
24200 1.00813 0.996126 0.972291 0.937824 1.015299
24300 1.008158 0.995933 0.972948 0.938168 1.014006
24400 1.008182 0.996442 0.973798 0.938478 1.015716
24500 1.008251 0.996752 0.974629 0.939832 1.015967
24600 1.008365 0.997135 0.975295 0.941322 1.014214
24700 1.008592 0.997083 0.975976 0.942848 1.016884
24800 1.008768 0.997659 0.976513 0.94419 1.015049
24900 1.009013 0.998011 0.977057 0.945348 1.015716
25000 1.009005 0.998383 0.977475 0.946645 1.015257
25100 1.009126 0.998794 0.978295 0.947957 1.015925
25200 1.009311 0.999067 0.978204 0.949308 1.015716
25300 1.009547 0.999412 0.979343 0.950409 1.016384
25400 1.009705 0.999711 0.980075 0.950785 1.015925
25500 1.009728 0.999702 0.980693 0.951761 1.015925
25600 1.009775 1.000008 0.98113 0.952904 1.015549
25700 1.009865 1.000374 0.981361 0.953905 1.016133
25800 1.009886 1.000527 0.981987 0.954959 1.015591
25900 1.009965 0.999649 0.982587 0.95602 1.014506
26000 1.009928 1.00056 0.982369 0.957375 1.015466
26100 1.010055 1.000994 0.982923 0.95844 1.015341
26200 1.010078 1.001271 0.983137 0.959554 1.015341
26300 1.009971 1.001559 0.984105 0.960562 1.0158
26400 1.010014 1.001795 0.984678 0.961437 1.01605
26500 1.010212 1.002063 0.985396 0.962348 1.015883
26600 1.010341 1.002309 0.985919 0.962786 1.015424
26700 1.010343 1.002482 0.986458 0.962622 1.01509
26800 1.01038 1.002754 0.98688 0.963688 1.015132
26900 1.010516 1.003014 0.987379 0.96486 1.015841
27000 1.010583 1.003178 0.987849 0.965999 1.015466
27100 1.010712 1.003397 0.988009 0.966169 1.015257
27200 1.010763 1.003501 0.988503 0.967564 1.015883
27300 1.010782 1.003577 0.988995 0.96877 1.015132
27400 1.010975 1.003821 0.989427 0.969828 1.01605
27500 1.010942 1.004097 0.989824 0.97066 1.016259
27600 1.011025 1.004126 0.990233 0.971683 1.015174
27700 1.010967 1.004418 0.990732 0.971602 1.015174
27800 1.011172 1.004648 0.991111 0.972298 1.014506
27900 1.011356 1.00488 0.991559 0.973363 1.015674
28000 1.01145 1.005095 0.991956 0.974268 1.016634
28100 1.011575 1.005337 0.992428 0.974996 1.016092
28200 1.011716 1.005572 0.992039 0.975172 1.015967
28300 1.011769 1.005607 0.992827 0.97543 1.015049
28400 1.01179 1.005844 0.993308 0.976757 1.015132
28500 1.011889 1.00602 0.993744 0.977806 1.015174
28600 1.011941 1.006197 0.994124 0.978462 1.015132
28700 1.012006 1.006455 0.994491 0.978604 1.016217
28800 1.012019 1.006516 0.994722 0.979413 1.015007
28900 1.012179 1.006692 0.994934 0.98012 1.015257
29000 1.012287 1.006799 0.995342 0.980698 1.015841
29100 1.012376 1.006997 0.995692 0.981453 1.016133
29200 1.012441 1.007194 0.99613 0.982186 1.015424
29300 1.012505 1.007373 0.996416 0.9829 1.015716
29400 1.012487 1.007382 0.99659 0.983542 1.0158
29500 1.012494 1.007526 0.99687 0.984166 1.016217
29600 1.012658 1.007815 0.997356 0.98475 1.01509
29700 1.012745 1.007993 0.997653 0.985197 1.014173
29800 1.012843 1.00817 0.998005 0.985513 1.016259
29900 1.012868 1.008264 0.998009 0.986108 1.015674
30000 1.01301 1.008514 0.99836 0.986705 1.016342
30100 1.01303 1.008638 0.998748 0.98725 1.014757
30200 1.013169 1.008793 0.999116 0.987981 1.01484
30300 1.01321 1.008993 0.99943 0.98851 1.0163
30400 1.01328 1.009065 0.999831 0.989048 1.015925
30500 1.013349 1.009259 1.000126 0.989691 1.015549
30600 1.013364 1.00938 1.000338 0.990179 1.016592
30700 1.013455 1.009492 1.000671 0.990625 1.016008
30800 1.013353 1.009644 1.000657 0.99102 1.014715
30900 1.01341 1.009827 1.001053 0.991498 1.016008
31000 1.013507 1.009964 1.00132 0.991793 1.015758
31100 1.013576 1.010021 1.001675 0.992416 1.016342
31200 1.013571 1.010044 1.001909 0.992847 1.016008
31300 1.013675 1.010212 1.002258 0.993396 1.017218
31400 1.013712 1.010418 1.002435 0.993928 1.01484
31500 1.013895 1.010552 1.002722 0.994417 1.016092
31600 1.01385 1.010677 1.003046 0.994859 1.015549
31700 1.013923 1.010815 1.003203 0.995398 1.016008
31800 1.013987 1.010895 1.00348 0.995897 1.014924
31900 1.014036 1.011037 1.003667 0.996229 1.016008
32000 1.014057 1.011164 1.003776 0.99647 1.015007
32100 1.014165 1.011247 1.004172 0.99688 1.016175
32200 1.01422 1.011351 1.004315 0.997164 1.014757

