100 0.951052 1.010069 1.0037 0.996548
200 0.837694 0.995572 0.996341 0.991571
300 0.769627 0.972543 0.985807 0.990605
400 0.72221 0.948184 0.97299 0.985282
500 0.687271 0.924627 0.960404 0.979117
600 0.658499 0.901499 0.947816 0.972651
700 0.635295 0.879701 0.935446 0.966215
800 0.616186 0.859524 0.922682 0.959818
900 0.599569 0.840282 0.910467 0.953315
1000 0.584116 0.822722 0.898537 0.946872
1100 0.570979 0.806956 0.886624 0.940486
1200 0.559442 0.791799 0.875254 0.93412
1300 0.549466 0.77766 0.86446 0.927592
1400 0.539733 0.764391 0.853735 0.920674
1500 0.530956 0.751884 0.843668 0.914078
1600 0.524291 0.739903 0.833783 0.907415
1700 0.520346 0.728602 0.824392 0.900778
1800 0.513191 0.71819 0.815287 0.894318
1900 0.501383 0.70878 0.80655 0.887928
2000 0.492466 0.699705 0.798216 0.881426
2100 0.484039 0.690518 0.790208 0.874971
2200 0.476032 0.681679 0.782078 0.868845
2300 0.471044 0.672901 0.774255 0.86286
2400 0.463396 0.664575 0.767087 0.857003
2500 0.457005 0.656502 0.759856 0.851277
2600 0.451006 0.648986 0.752691 0.845366
2700 0.445106 0.641703 0.745722 0.839877
2800 0.43969 0.634544 0.73909 0.834133
2900 0.437429 0.627353 0.732982 0.82808
3000 0.431009 0.620283 0.726711 0.822162
3100 0.425684 0.613586 0.72033 0.816374
3200 0.420538 0.607267 0.714211 0.810885
3300 0.415107 0.602389 0.708336 0.805525
3400 0.409849 0.596145 0.702673 0.800321
3500 0.406018 0.590035 0.696878 0.794957
3600 0.402356 0.584074 0.691038 0.789587
3700 0.398794 0.578383 0.686164 0.784287
3800 0.394938 0.573042 0.680533 0.778959
3900 0.390688 0.568084 0.674846 0.773833
4000 0.38738 0.563348 0.66944 0.768734
4100 0.383218 0.558344 0.664316 0.763751
4200 0.379194 0.55338 0.65917 0.758778
4300 0.375366 0.548608 0.654254 0.754021
4400 0.371816 0.543874 0.649439 0.749234
4500 0.368421 0.539344 0.644468 0.74458
4600 0.365378 0.53487 0.639706 0.740048
4700 0.362569 0.530781 0.635114 0.735494
4800 0.359882 0.526973 0.631717 0.730902
4900 0.357206 0.52316 0.627305 0.726429
5000 0.354312 0.518919 0.622475 0.721963
5100 0.351434 0.514377 0.618062 0.717959
5200 0.348354 0.510001 0.614113 0.713741
5300 0.345413 0.505948 0.609607 0.709265
5400 0.342441 0.502023 0.605219 0.704867
5500 0.339483 0.49824 0.601058 0.700614
5600 0.336631 0.494495 0.596912 0.696513
5700 0.334145 0.490927 0.592922 0.692395
5800 0.331557 0.48733 0.58902 0.688225
5900 0.328988 0.484093 0.585333 0.684241
6000 0.326381 0.481037 0.581576 0.680227
6100 0.323967 0.477756 0.577843 0.676296
6200 0.321522 0.474393 0.574117 0.672419
6300 0.319845 0.471046 0.570691 0.668535
6400 0.3172 0.467732 0.567228 0.664808
6500 0.314534 0.464454 0.563735 0.661203
6600 0.312084 0.461235 0.560301 0.657486
6700 0.310242 0.458069 0.556781 0.653872
6800 0.310009 0.454963 0.553761 0.650133
6900 0.307937 0.451937 0.55057 0.646555
7000 0.30552 0.448936 0.54723 0.64302
7100 0.303133 0.446018 0.543776 0.639564
7200 0.300867 0.4431 0.540412 0.636091
7300 0.299217 0.440325 0.537147 0.632737
7400 0.298103 0.437523 0.533925 0.629916
7500 0.296024 0.434708 0.530866 0.62645
7600 0.293733 0.431948 0.527939 0.623011
7700 0.291498 0.429225 0.525264 0.619733
7800 0.289326 0.42653 0.522592 0.616524
7900 0.287285 0.423924 0.51927 0.613338
8000 0.285321 0.421423 0.516119 0.610119
8100 0.283442 0.418899 0.513144 0.606873
8200 0.281565 0.416394 0.510222 0.603677
8300 0.279758 0.413951 0.507324 0.600616
8400 0.278102 0.41154 0.504575 0.597673
8500 0.276861 0.409243 0.501997 0.594933
8600 0.275229 0.40691 0.499382 0.592051
8700 0.273542 0.404589 0.496679 0.589097
8800 0.272583 0.402393 0.494112 0.586132
8900 0.271648 0.400221 0.491541 0.583211
9000 0.269802 0.39798 0.489023 0.580322
9100 0.267811 0.396356 0.486478 0.577443
9200 0.266629 0.394217 0.483887 0.574685
9300 0.264562 0.391877 0.481407 0.57187
9400 0.26291 0.389642 0.478974 0.569172
9500 0.261392 0.38756 0.477064 0.566469
9600 0.259813 0.385502 0.474651 0.563759
9700 0.258317 0.383514 0.47221 0.561117
9800 0.256885 0.381559 0.469742 0.558762
9900 0.256447 0.379618 0.467453 0.556337
10000 0.255139 0.377834 0.465148 0.553758
10100 0.255058 0.376567 0.462883 0.55123
10200 0.255201 0.375382 0.46075 0.548703
10300 0.253897 0.373493 0.459201 0.546173
10400 0.252809 0.372005 0.456858 0.543699
10500 0.250993 0.370817 0.454516 0.541233
10600 0.252721 0.369229 0.452333 0.538751
10700 0.250574 0.367414 0.450279 0.536415
10800 0.247985 0.365492 0.448289 0.534061
10900 0.245875 0.363635 0.446327 0.531781
11000 0.244312 0.3618 0.444416 0.529501
11100 0.242939 0.360103 0.442353 0.527031
11200 0.241551 0.35836 0.440426 0.524751
11300 0.240204 0.356624 0.438619 0.522476
11400 0.238945 0.354881 0.436778 0.520274
11500 0.237695 0.354923 0.434856 0.518159
11600 0.236647 0.354271 0.432953 0.515937
11700 0.235753 0.351951 0.431294 0.5137
11800 0.234861 0.350101 0.429473 0.511585
11900 0.234819 0.348195 0.427576 0.509462
12000 0.233826 0.346487 0.425885 0.507312
12100 0.232521 0.344932 0.424129 0.505234
12200 0.241523 0.343231 0.422406 0.503169
12300 0.233097 0.342014 0.420677 0.501093
12400 0.230237 0.340751 0.418865 0.499079
12500 0.228459 0.339354 0.417087 0.497137
12600 0.227255 0.337902 0.41529 0.495213
12700 0.226213 0.336357 0.413447 0.493298
12800 0.22531 0.334867 0.411714 0.491445
12900 0.224288 0.333385 0.410001 0.489536
13000 0.22336 0.331692 0.40842 0.487656
13100 0.222459 0.330134 0.406861 0.485842
13200 0.221528 0.331082 0.407532 0.48405
13300 0.220516 0.329995 0.405472 0.482306
13400 0.219459 0.327658 0.403098 0.48049
13500 0.218499 0.325465 0.401041 0.478584
13600 0.217668 0.323676 0.399222 0.476638
13700 0.21678 0.322329 0.397569 0.474701
13800 0.216247 0.321221 0.396018 0.472722
13900 0.215268 0.320271 0.394411 0.470805
14000 0.214231 0.318679 0.392893 0.468958
14100 0.213246 0.31722 0.391428 0.467442
14200 0.212235 0.315786 0.390166 0.465994
14300 0.211368 0.314336 0.388634 0.464348
14400 0.210453 0.312952 0.387052 0.462485
14500 0.209562 0.311534 0.385432 0.460752
14600 0.208689 0.310177 0.384191 0.458994
14700 0.208115 0.308803 0.382713 0.457277
14800 0.208597 0.307583 0.381098 0.455575
14900 0.208418 0.306239 0.379481 0.453857
15000 0.207444 0.305182 0.378646 0.452208
15100 0.206409 0.304438 0.377045 0.450683
15200 0.205325 0.303369 0.375414 0.44907
15300 0.204224 0.302127 0.3739 0.447515
15400 0.203074 0.300891 0.372393 0.445972
15500 0.202089 0.299641 0.371132 0.444316
15600 0.201091 0.298458 0.370018 0.442714
15700 0.200276 0.297285 0.368788 0.441068
15800 0.19949 0.296175 0.367528 0.439531
15900 0.198715 0.29507 0.367411 0.437969
16000 0.19787 0.294015 0.368123 0.436492
16100 0.197021 0.293004 0.368683 0.434987
16200 0.196289 0.292056 0.366623 0.433503
16300 0.195984 0.290968 0.364487 0.431982
16400 0.195455 0.289915 0.362594 0.430541
16500 0.194773 0.288816 0.361013 0.429064
16600 0.194026 0.287736 0.359491 0.427593
16700 0.193313 0.286683 0.357962 0.426051
16800 0.192469 0.28554 0.356464 0.424557
16900 0.191681 0.284531 0.354902 0.423114
17000 0.19101 0.283523 0.353405 0.421679
17100 0.19074 0.282612 0.351913 0.420138
17200 0.190373 0.281616 0.350569 0.418678
17300 0.189634 0.280675 0.349183 0.417218
17400 0.189027 0.279666 0.347901 0.415801
17500 0.188722 0.278696 0.346683 0.414438
17600 0.188079 0.27773 0.345933 0.413031
17700 0.187292 0.276796 0.344767 0.411698
17800 0.186597 0.275925 0.343493 0.410384
17900 0.186391 0.275124 0.342226 0.409045
18000 0.186024 0.274291 0.340951 0.407771
18100 0.185527 0.273397 0.339774 0.406643
18200 0.185221 0.273819 0.338537 0.405553
18300 0.184581 0.273393 0.337331 0.404345
18400 0.183774 0.272292 0.336224 0.403145
18500 0.183077 0.271247 0.335207 0.401986
18600 0.182374 0.27041 0.334101 0.400726
18700 0.181586 0.269305 0.333283 0.399424
18800 0.181403 0.268164 0.332458 0.398379
18900 0.180986 0.267135 0.33137 0.397359
19000 0.180372 0.266284 0.330448 0.396284
19100 0.179615 0.265802 0.329426 0.395119
19200 0.178693 0.264888 0.32826 0.39404
19300 0.183334 0.26376 0.327152 0.393203
19400 0.17974 0.262655 0.326018 0.391896
19500 0.177833 0.261732 0.324876 0.390572
19600 0.176929 0.272564 0.323895 0.389297
19700 0.176141 0.263224 0.322815 0.387915
19800 0.175536 0.260803 0.321805 0.386658
19900 0.177015 0.2593 0.3209 0.38549
20000 0.176419 0.258137 0.31992 0.384935
20100 0.175168 0.257079 0.319101 0.383955
20200 0.17404 0.256011 0.318555 0.38273
20300 0.173084 0.255072 0.317694 0.381318
20400 0.172275 0.254247 0.316658 0.379939
20500 0.171657 0.253481 0.315612 0.378644
20600 0.172635 0.252656 0.3145 0.377316
20700 0.171649 0.251887 0.313448 0.375991
20800 0.170678 0.251041 0.3133 0.374802
20900 0.169822 0.250268 0.31295 0.373628
21000 0.169336 0.249514 0.311982 0.372421
21100 0.16897 0.248689 0.310864 0.371306
21200 0.168283 0.247773 0.309694 0.370131
21300 0.167574 0.247049 0.308508 0.368942
21400 0.16703 0.246486 0.3074 0.367787
21500 0.166814 0.245952 0.306856 0.366692
21600 0.166164 0.245276 0.307476 0.365625
21700 0.16532 0.244544 0.305871 0.364526
21800 0.164483 0.243841 0.304368 0.36343
21900 0.163744 0.243132 0.303013 0.362412
22000 0.163134 0.242509 0.301899 0.361503
22100 0.162521 0.241961 0.300885 0.360511
22200 0.161977 0.241438 0.29998 0.359539
22300 0.161383 0.240726 0.299059 0.358618
22400 0.160924 0.239945 0.298154 0.357653
22500 0.160535 0.239375 0.297305 0.35664
22600 0.160173 0.239184 0.297326 0.355636
22700 0.159725 0.238498 0.297372 0.354591
22800 0.15933 0.238065 0.301886 0.353571
22900 0.158837 0.237363 0.29812 0.352633
23000 0.158392 0.236507 0.296041 0.351668
23100 0.15825 0.235671 0.294486 0.35063
23200 0.158027 0.234815 0.293253 0.349631
23300 0.157547 0.234024 0.292298 0.348594
23400 0.157025 0.233285 0.29178 0.347699
23500 0.156512 0.232625 0.290914 0.346909
23600 0.156011 0.232091 0.28983 0.346027
23700 0.155628 0.231718 0.288877 0.345106
23800 0.15522 0.231043 0.287888 0.344135
23900 0.15496 0.230407 0.286998 0.343127
24000 0.15489 0.229737 0.286098 0.342152
24100 0.155056 0.229018 0.285196 0.341182
24200 0.154783 0.228393 0.284336 0.340201
24300 0.154262 0.227738 0.283493 0.339292
24400 0.153588 0.227057 0.282666 0.338387
24500 0.152952 0.226406 0.282044 0.337861
24600 0.15232 0.225737 0.281514 0.336959
24700 0.151737 0.225009 0.28094 0.336038
24800 0.151152 0.224446 0.280294 0.335121
24900 0.150495 0.223834 0.279613 0.334258
25000 0.149938 0.223148 0.278929 0.333392
25100 0.149341 0.222541 0.27834 0.332473
25200 0.148962 0.221973 0.277653 0.331654
25300 0.148735 0.221387 0.277605 0.330754
25400 0.148737 0.220858 0.276903 0.329916
25500 0.148602 0.220331 0.275971 0.329022
25600 0.148248 0.21989 0.275197 0.328145
25700 0.147859 0.219424 0.274659 0.327265
25800 0.147404 0.218952 0.274168 0.326406
25900 0.147018 0.219174 0.273575 0.32559
26000 0.146497 0.219527 0.272851 0.32469
26100 0.146016 0.219553 0.272178 0.323849
26200 0.145521 0.219249 0.271491 0.322987
26300 0.145053 0.218678 0.270807 0.322158
26400 0.145341 0.217928 0.270033 0.321363
26500 0.145239 0.217256 0.269215 0.320607
26600 0.144823 0.216533 0.268398 0.319867
26700 0.144345 0.215907 0.267529 0.319195
26800 0.143877 0.215344 0.266763 0.318429
26900 0.143363 0.214722 0.266006 0.317694
27000 0.142903 0.214153 0.265422 0.316921
27100 0.142407 0.213577 0.265165 0.316173
27200 0.141943 0.213011 0.265285 0.315359
27300 0.14143 0.213672 0.264891 0.314614
27400 0.140989 0.213245 0.264126 0.313837
27500 0.140518 0.212459 0.264115 0.31314
27600 0.140195 0.211712 0.263821 0.312553
27700 0.139914 0.214042 0.262998 0.311851
27800 0.139695 0.212952 0.262453 0.311111
27900 0.139358 0.211554 0.26197 0.310418
28000 0.138958 0.210525 0.261314 0.309675
28100 0.138683 0.209626 0.260757 0.308956
28200 0.138359 0.209026 0.260199 0.30819
28300 0.138146 0.208651 0.259639 0.307568
28400 0.137825 0.208101 0.262831 0.306814
28500 0.137477 0.207546 0.263199 0.306149
28600 0.137384 0.206943 0.260966 0.305449
28700 0.137229 0.206381 0.259391 0.304717
28800 0.136901 0.205822 0.258669 0.304141
28900 0.13642 0.205272 0.257671 0.303485
29000 0.136066 0.20486 0.256699 0.302773
29100 0.13562 0.204528 0.255797 0.302088
29200 0.135233 0.204078 0.25557 0.301411
29300 0.134841 0.203588 0.25488 0.300785
29400 0.134461 0.203026 0.254126 0.300195
29500 0.134111 0.202485 0.253366 0.299611
29600 0.133855 0.20198 0.252637 0.298918
29700 0.133619 0.201385 0.252107 0.298323
29800 0.13322 0.200799 0.25152 0.297646
29900 0.132831 0.200283 0.25078 0.296971
30000 0.132444 0.199683 0.25003 0.296382
30100 0.132034 0.199216 0.249307 0.295723
30200 0.131685 0.198653 0.249609 0.295009
30400 0.130868 0.197978 0.248573 0.294806
30300 0.131251 0.198189 0.249275 0.294546
30500 0.130481 0.197803 0.24798 0.294287
30600 0.130157 0.197666 0.247559 0.29386
30700 0.129778 0.197434 0.247126 0.293177
30800 0.129437 0.196947 0.246799 0.292721
30900 0.129152 0.196437 0.246484 0.292223
31000 0.12876 0.195986 0.246298 0.291573
31100 0.128434 0.195449 0.246055 0.290845
31200 0.128131 0.194909 0.245716 0.290142
31300 0.127786 0.194494 0.245304 0.289289
31800 0.130005 0.192878 0.242568 0.288656
31900 0.131908 0.192494 0.242138 0.288513
31400 0.127513 0.19414 0.24478 0.288508
31700 0.12685 0.193144 0.243028 0.288158
32000 0.130798 0.192093 0.241762 0.287983
31500 0.127254 0.193783 0.244216 0.287748
31600 0.126971 0.193422 0.243639 0.28735
32100 0.129067 0.19166 0.241461 0.286971
32200 0.127732 0.191259 0.241234 0.285864
32300 0.126813 0.191019 0.240634 0.28474
32400 0.126029 0.190663 0.239902 0.283765
32500 0.125396 0.190368 0.239191 0.282819
32600 0.124859 0.190195 0.238495 0.282198
32700 0.124431 0.189922 0.237908 0.281739
32800 0.12404 0.189487 0.237359 0.281235
32900 0.123738 0.189089 0.237746 0.280612
33000 0.123397 0.188706 0.237333 0.280066
33100 0.123118 0.188223 0.236747 0.279433
33200 0.122822 0.187676 0.236214 0.278754
33300 0.122517 0.187234 0.235654 0.278109
33400 0.122335 0.186747 0.23539 0.277408
33500 0.122086 0.186489 0.235059 0.276815
33600 0.121774 0.186285 0.234578 0.276182
33700 0.121499 0.185997 0.23415 0.275555
33800 0.121186 0.185919 0.233777 0.27501
33900 0.120856 0.185647 0.233422 0.274469
34000 0.120659 0.185483 0.233051 0.273958
34100 0.120374 0.185802 0.232617 0.273476
34200 0.120104 0.185693 0.232067 0.272968
34300 0.11981 0.185348 0.231588 0.272429
34400 0.119589 0.184892 0.231111 0.271925
34500 0.119324 0.184392 0.230695 0.271439
34600 0.119102 0.183857 0.230216 0.270934
34700 0.118804 0.183355 0.229667 0.270501
34800 0.118652 0.184326 0.229179 0.270109
34900 0.118468 0.183598 0.228645 0.269618
35000 0.11822 0.183086 0.228283 0.26918
35100 0.118074 0.182855 0.227907 0.268715
35200 0.118056 0.182436 0.22758 0.268214
35300 0.117908 0.181981 0.227222 0.267865
35400 0.118 0.181482 0.226791 0.267714
35500 0.118093 0.181027 0.226462 0.26747
35600 0.118042 0.18052 0.226124 0.2671
35700 0.11801 0.18 0.225971 0.266835
35800 0.117812 0.179516 0.225709 0.26676
35900 0.117558 0.178966 0.225423 0.266456
36000 0.117202 0.178473 0.225179 0.266008
36100 0.116816 0.17792 0.22465 0.265512
36200 0.116419 0.177478 0.224015 0.264944
36300 0.116107 0.177127 0.223494 0.264432
36400 0.115829 0.178003 0.222906 0.264023
36500 0.115543 0.177582 0.222476 0.263631
36600 0.115269 0.176726 0.222106 0.263219
36700 0.115042 0.176052 0.221647 0.262703
36800 0.114816 0.175462 0.221185 0.262213
36900 0.114699 0.17489 0.220732 0.261735
37000 0.114488 0.176126 0.22028 0.26126
37100 0.114246 0.175538 0.219875 0.260809
37200 0.114054 0.174763 0.219478 0.260334
37300 0.113851 0.17416 0.219179 0.259821
37400 0.113587 0.173691 0.218966 0.259293
37500 0.113323 0.173303 0.218561 0.258744
37600 0.11313 0.17292 0.218037 0.258229
37700 0.112839 0.172507 0.217577 0.257703
37800 0.112617 0.172153 0.217111 0.25715
37900 0.112379 0.17179 0.216683 0.256645
38000 0.112159 0.171467 0.21619 0.256149
38100 0.111902 0.171107 0.215791 0.255622
38200 0.11168 0.171563 0.215985 0.2551
38300 0.111427 0.17166 0.216079 0.254583
38400 0.111234 0.17121 0.215873 0.25407
38500 0.110995 0.170629 0.215544 0.253586
38600 0.110745 0.170078 0.215228 0.253041
38700 0.110535 0.169553 0.215065 0.252605
38800 0.110291 0.169211 0.214729 0.252104
38900 0.11006 0.168797 0.21424 0.251618
39000 0.109808 0.168447 0.213691 0.251219
39100 0.109568 0.168149 0.213186 0.250829
39200 0.109334 0.167793 0.212806 0.250431
39300 0.109085 0.167442 0.212532 0.250073
39400 0.108856 0.167118 0.212157 0.249771
39500 0.108617 0.166795 0.211712 0.249302
39600 0.108391 0.166446 0.211236 0.248872
39700 0.108236 0.166177 0.210789 0.248382
40000 0.10769 0.170954 0.209341 0.247937
39800 0.108049 0.165863 0.210255 0.247919
40100 0.107558 0.169897 0.208922 0.247682
39900 0.107895 0.165659 0.209796 0.24755
40200 0.107451 0.168926 0.208456 0.247203
40300 0.107274 0.168223 0.207914 0.246675
40400 0.107131 0.167926 0.208298 0.246072
40500 0.107011 0.16743 0.208382 0.245484
40600 0.106805 0.167003 0.208122 0.244874
40700 0.106618 0.166425 0.207676 0.244325
40800 0.106364 0.165817 0.207124 0.243823
40900 0.10612 0.165266 0.206912 0.24328
41000 0.105928 0.164751 0.206793 0.242779
41100 0.105689 0.164304 0.206703 0.242248
41200 0.105443 0.16437 0.206829 0.241865
41300 0.105233 0.164158 0.206433 0.241426
41400 0.105031 0.163623 0.205985 0.241006
41500 0.104881 0.163025 0.205366 0.240572
41600 0.104792 0.162437 0.204889 0.240111
41700 0.10457 0.161907 0.204375 0.239644
41800 0.104375 0.161523 0.203843 0.239183
41900 0.104155 0.161127 0.203346 0.238666
42000 0.103985 0.160725 0.202917 0.238197
42100 0.103845 0.160372 0.202508 0.237782
42200 0.103681 0.160005 0.202063 0.237276
42300 0.103465 0.159656 0.201745 0.236901
42400 0.103222 0.159286 0.20148 0.2365
42500 0.103013 0.158974 0.201235 0.23618
42600 0.102816 0.158619 0.200993 0.235924
42700 0.102556 0.158286 0.200689 0.235678
42800 0.102393 0.157962 0.200313 0.235348
42900 0.102158 0.157608 0.199958 0.235019
43000 0.101965 0.157369 0.199656 0.234728
43100 0.101792 0.15717 0.199308 0.234396
43200 0.101738 0.156968 0.199318 0.234073
43300 0.101782 0.157105 0.199323 0.233727
43400 0.101706 0.157469 0.199113 0.233454
43500 0.101688 0.157246 0.1988 0.233123
43600 0.101589 0.156905 0.19842 0.232769
43700 0.101473 0.156523 0.19797 0.232322
43800 0.101383 0.156117 0.197509 0.231914
43900 0.101154 0.155843 0.19709 0.231459
44000 0.100967 0.15548 0.196631 0.231101
44100 0.100781 0.155112 0.196177 0.230636
44200 0.100495 0.15482 0.195729 0.230244
44300 0.100332 0.15452 0.195329 0.229838
44400 0.100126 0.154247 0.194871 0.229478
44500 0.099955 0.153949 0.194481 0.22914
44600 0.099836 0.153627 0.194164 0.228714
44700 0.099664 0.153377 0.193798 0.228378
44800 0.099455 0.153028 0.193424 0.22802
44900 0.099256 0.152734 0.193056 0.227635
45000 0.099074 0.152497 0.192747 0.227294
45100 0.098935 0.152326 0.192413 0.226852
45200 0.098726 0.152088 0.192032 0.226481
45300 0.098713 0.151898 0.191702 0.226104
45400 0.098547 0.151609 0.191347 0.225694
45500 0.098302 0.151445 0.190942 0.22531
45600 0.098107 0.151254 0.19059 0.224941
45700 0.097881 0.151137 0.190228 0.224589
45800 0.097646 0.15095 0.189906 0.224248
45900 0.097424 0.150781 0.189585 0.22389
46000 0.097211 0.150594 0.189291 0.223584
46100 0.097153 0.150552 0.188899 0.223229
46200 0.097866 0.150401 0.18856 0.222888
46300 0.098304 0.15021 0.188285 0.222507
46400 0.098181 0.15001 0.187929 0.2221
46500 0.097933 0.149735 0.187635 0.221706
46600 0.097605 0.149503 0.187289 0.221353
46700 0.097277 0.149214 0.187054 0.220942
46800 0.096953 0.148925 0.186877 0.220591
46900 0.096685 0.148551 0.186669 0.220186
47000 0.096404 0.148289 0.186482 0.219847
47100 0.096143 0.14801 0.18625 0.219478
47200 0.095931 0.147706 0.185951 0.219118
47300 0.095729 0.14739 0.18569 0.218775
47400 0.095521 0.147089 0.185314 0.218408
47500 0.095268 0.146839 0.184992 0.218124
47600 0.095102 0.146555 0.184741 0.217809
47700 0.094914 0.146285 0.184403 0.217461
47800 0.09474 0.145981 0.184131 0.217143
47900 0.094646 0.145712 0.183893 0.216834
48100 0.094365 0.145166 0.183351 0.216763
48000 0.094511 0.145412 0.183617 0.216749
48200 0.094186 0.144885 0.183038 0.216557
48300 0.094005 0.144672 0.182754 0.216244
48400 0.09386 0.144378 0.182626 0.215924
48500 0.093773 0.14417 0.18233 0.215593
48600 0.093674 0.14385 0.182065 0.215186
48700 0.093548 0.143639 0.181706 0.214772
48800 0.093402 0.143377 0.181458 0.214357
48900 0.093296 0.143172 0.181196 0.213913
49000 0.093191 0.142949 0.180865 0.213557
49100 0.093047 0.142703 0.180586 0.213101
49200 0.092997 0.142511 0.18032 0.212642
49300 0.092954 0.142241 0.180026 0.212268
49400 0.092929 0.142054 0.179695 0.211831
49500 0.092803 0.141822 0.179419 0.21146
49600 0.092711 0.141576 0.179122 0.211056
49700 0.092625 0.141358 0.178768 0.210636
49800 0.092558 0.141104 0.178488 0.210262
49900 0.092455 0.141031 0.178183 0.20991
50000 0.09231 0.140952 0.17784 0.209587
50100 0.092199 0.140777 0.177507 0.209258
50200 0.092062 0.140865 0.17724 0.208955
50300 0.091981 0.14084 0.176971 0.208643
50400 0.091825 0.140778 0.176643 0.208288
50500 0.091706 0.140552 0.176354 0.207897
50600 0.091572 0.140347 0.176102 0.207572
50700 0.091454 0.140175 0.175888 0.207243
50800 0.091325 0.139975 0.175648 0.206893
50900 0.091236 0.139742 0.17538 0.20659
51000 0.091144 0.139522 0.175151 0.206215
51100 0.09097 0.139287 0.174943 0.205892
51300 0.090803 0.139355 0.174506 0.205619
51200 0.090836 0.139308 0.174707 0.205595
51400 0.090713 0.139349 0.174276 0.205478
51500 0.090589 0.139156 0.174073 0.205229
51600 0.090468 0.138964 0.173889 0.204925
51700 0.090362 0.138733 0.173716 0.204579
51800 0.090331 0.138488 0.173531 0.204246
51900 0.09021 0.138258 0.173256 0.203883
52000 0.090092 0.138017 0.173002 0.203608
52100 0.090034 0.138145 0.172786 0.20328
52200 0.089881 0.138456 0.172554 0.203007
52300 0.089797 0.138558 0.172275 0.202739
52400 0.089719 0.138438 0.172052 0.202437
52500 0.089634 0.138226 0.171777 0.202165
52600 0.089494 0.137983 0.171522 0.201879
52700 0.089401 0.137733 0.171299 0.201605
52800 0.089262 0.137501 0.171017 0.201298
52900 0.089168 0.137268 0.170803 0.201002
53000 0.089098 0.136972 0.170574 0.200753
53100 0.088961 0.136684 0.170294 0.20053
53200 0.088835 0.136425 0.170055 0.20038
53300 0.088818 0.13625 0.169902 0.200184
53400 0.088758 0.13599 0.169671 0.199934
53600 0.088419 0.135589 0.169229 0.199907
53500 0.088725 0.135773 0.16939 0.199855
53800 0.088724 0.135412 0.169051 0.199808
53700 0.088672 0.135454 0.16914 0.199806
53900 0.08865 0.135226 0.168869 0.199517
54000 0.08854 0.135035 0.168688 0.199282
54100 0.088473 0.134898 0.168617 0.199069
54200 0.088273 0.134696 0.168506 0.19879
54300 0.088167 0.134521 0.168285 0.198536
54400 0.08805 0.134327 0.168081 0.198267
54500 0.087944 0.134146 0.167873 0.197995
54600 0.087776 0.133975 0.167619 0.197642
54700 0.08808 0.133785 0.167393 0.197416
54800 0.088258 0.133521 0.16721 0.197103
54900 0.088247 0.13336 0.167025 0.196744
55000 0.088149 0.133199 0.16689 0.196407
55100 0.087964 0.133205 0.166853 0.196138
55200 0.087831 0.13349 0.166758 0.195832
55300 0.087676 0.133547 0.166677 0.195622
55400 0.087548 0.133438 0.16651 0.195302
55500 0.087406 0.133322 0.16635 0.195041
55600 0.087338 0.13318 0.16617 0.194788
55700 0.087194 0.133064 0.165995 0.194568
55800 0.087093 0.132883 0.165733 0.194345
55900 0.086993 0.132741 0.165571 0.194064
56000 0.086875 0.132549 0.165327 0.193872
56100 0.086801 0.132402 0.165164 0.193644
56200 0.086736 0.13222 0.16501 0.193393
56300 0.086676 0.13193 0.164806 0.193173
56400 0.086552 0.131774 0.164638 0.193031
56500 0.086528 0.131514 0.16446 0.193
56600 0.086431 0.131288 0.164279 0.192954
56700 0.086344 0.13106 0.164013 0.192722
56800 0.086249 0.13092 0.163746 0.192541
56900 0.086143 0.130677 0.1638 0.192215
57000 0.086062 0.130423 0.16368 0.191972
57100 0.085982 0.130232 0.163429 0.191757
57200 0.08588 0.130026 0.163267 0.191506
57300 0.085731 0.129816 0.16323 0.191142
57400 0.085681 0.129563 0.163906 0.190839
57500 0.085521 0.129392 0.165191 0.190643
57600 0.085485 0.129222 0.165069 0.190354
57700 0.08537 0.129055 0.164461 0.190055
57800 0.08524 0.128866 0.16381 0.189766
57900 0.085144 0.128614 0.163203 0.189534
58000 0.085018 0.128428 0.162682 0.189275
58100 0.084903 0.128272 0.162273 0.189074
58200 0.084869 0.128115 0.161872 0.188885
58300 0.084725 0.127888 0.161464 0.188698
58400 0.084662 0.127764 0.161155 0.188533
58500 0.084541 0.127701 0.160782 0.188385
58600 0.084471 0.127679 0.160427 0.188189
58700 0.084352 0.12759 0.160142 0.188012
58800 0.084352 0.127475 0.159872 0.187824
58900 0.085885 0.127321 0.159728 0.187597
59000 0.085745 0.127205 0.159665 0.187419
59100 0.085471 0.127113 0.159483 0.187177
59200 0.085197 0.126961 0.159299 0.18688
59300 0.084969 0.126742 0.159101 0.186675
59400 0.084822 0.126617 0.158861 0.186383
59500 0.084612 0.126404 0.158544 0.186115

