% This file contains the dimensionless solution described in Levy, Kratz & Hubert 13.
% First column is t*, second is P*(t*, x*=1) for the in-plane evacuation and third is the pressure in the core for the through thickness evacuation.
%
%This file is part of Air Evacuation Simulation.
%
%    Inter-Strand Void Content Simulation is free software: you can
%    redistribute it and/or modify it under the terms of the GNU General
%    Public License as published by the Free Software Foundation, either
%    version 3 of the License, or (at your option) any later version.
%
%    Air Evacuation Simulation is distributed in the hope that
%    it will be useful, but WITHOUT ANY WARRANTY; without even the implied
%    warranty of MERCHANTABILITY or FITNESS FOR A PARTICULAR PURPOSE.  See
%    the GNU General Public License for more details.
%
%    You should have received a copy of the GNU General Public License
%    along with Inter-Strand Void Content Simulation.  If not, see
%    <http://www.gnu.org/licenses/>.
%
% Copyright 2013 Arthur Levy

0 0.9999999978 0.9960337738
0.1 0.9757486501 0.9060503869
0.2 0.8983981298 0.8309841933
0.3 0.8200608251 0.7672829701
0.4 0.751652673 0.712403356
0.5 0.6929388431 0.6646221314
0.6 0.6424726743 0.6229214669
0.7 0.5989007808 0.5860923318
0.8 0.5604049971 0.5535078123
0.9 0.5266992946 0.5245510697
1 0.4967646827 0.4985876759
1.1 0.4703490395 0.4751683785
1.2 0.4465851643 0.4539670158
1.3 0.4252436678 0.4346099399
1.4 0.4059185848 0.4168057893
1.5 0.3884524574 0.4003436262
1.6 0.3724883659 0.3848896864
1.7 0.3578898979 0.370527123
1.8 0.3444324951 0.3569691548
1.9 0.3320588543 0.3441761628
2 0.3205888082 0.3322224553
2.1 0.3098726447 0.3209508615
2.2 0.29980014 0.3104876682
2.3 0.2903693 0.3007582122
2.4 0.281402337 0.2916184628
2.5 0.2727857715 0.2829422299
2.6 0.2646232341 0.2748164433
2.7 0.2570105816 0.267241103
2.8 0.2497801826 0.2602162089
2.9 0.2428891106 0.2535489677
3 0.2363801819 0.247138841
3.1 0.2302170272 0.241140365
3.2 0.2243591785 0.2355535396
3.3 0.2187836287 0.2302924116
3.4 0.2135246867 0.2250785395
3.5 0.2085389472 0.220119639
3.6 0.2038100393 0.2154157101
3.7 0.199327436 0.2109667528
3.8 0.195093706 0.2066461955
3.9 0.1910927757 0.2025295634
4 0.1873170683 0.1986187386
4.1 0.1837426309 0.1949137212
4.2 0.1803455845 0.1913172494
4.3 0.1771178482 0.1878422067
4.4 0.1740431297 0.1845187693
4.5 0.171095079 0.1813469373
4.6 0.1682541842 0.1783068309
4.7 0.165499475 0.1753729593
4.8 0.162810318 0.1725556158
4.9 0.1601948947 0.1698486684
5 0.1576260763 0.1672459852
5.1 0.1550894575 0.164741434
5.2 0.1525852702 0.1623288831
5.3 0.1501371437 0.1600022003
5.4 0.1477337149 0.1577552537
5.5 0.1453809844 0.1555889004
5.6 0.1430929663 0.1534931943
5.7 0.1408859537 0.1514619498
5.8 0.138776152 0.1494893805
5.9 0.1367850066 0.1475696996
6 0.1348883772 0.1456971206
6.1 0.133099077 0.1438658568
6.2 0.131420502 0.1420715681
6.3 0.129843328 0.1403219112
6.4 0.1283238567 0.1386189898
6.5 0.1268571496 0.136962804
6.6 0.1254183188 0.1353533537
6.7 0.1240043863 0.133790639
6.8 0.1226396147 0.1322746599
6.9 0.1212915275 0.1308054163
7 0.1199510954 0.1293829082
7.1 0.1186488362 0.1279892897
7.2 0.1173704295 0.1266061808
7.3 0.1161158755 0.1252598512
7.4 0.1148887139 0.1239503008
7.5 0.1136891324 0.1226775297
7.6 0.1125159335 0.1214415379
7.7 0.1113695126 0.1202423254
7.8 0.1102507285 0.1190798922
7.9 0.1091589847 0.1179470891
8 0.1080942813 0.1168135554
8.1 0.1070491115 0.1157074587
8.2 0.1060271409 0.1146287991
8.3 0.1050286009 0.1135775765
8.4 0.1040534916 0.112553791
8.5 0.1031018128 0.1115574425
8.6 0.1021735645 0.110588531
8.7 0.1012664228 0.1096470566
8.8 0.100373283 0.1087028364
8.9 0.0995007053 0.1077790511
9 0.0986486896 0.1068760448
9.1 0.0978172359 0.1059938176
9.2 0.0970063443 0.1051323695
9.3 0.0962160148 0.1042917004
9.4 0.0954358712 0.1034718104
9.5 0.0946618009 0.1026726995
9.6 0.0939026007 0.1018681129
9.7 0.0931582706 0.101070803
9.8 0.0924288107 0.1002868955
9.9 0.0917142208 0.0995163907
10 0.091014501 0.0987592884
10.1 0.0903296513 0.0980155887
10.2 0.0896596717 0.0972852916
10.3 0.0890045622 0.096568397
10.4 0.0883643228 0.0958641729
10.5 0.0877389536 0.095172634
10.6 0.0871284544 0.0944942186
10.7 0.0865319475 0.0938289267
10.8 0.0859309314 0.0931767583
10.9 0.0853420012 0.0925377135
11 0.0847651566 0.0919117921
11.1 0.0842003979 0.0912989943
11.2 0.083647725 0.09069932
11.3 0.0831071378 0.0901127692
11.4 0.0825786364 0.089539342
11.5 0.0820622207 0.0889790382
11.6 0.0815578908 0.088431858
11.7 0.0810656467 0.0878978013
11.8 0.0805854884 0.0873768681
11.9 0.0801174159 0.0868449362
12 0.0796614291 0.0863183322
12.1 0.0792040788 0.0858011919
12.2 0.0787468592 0.0852935152
12.3 0.0782984759 0.0847953021
12.4 0.077858929 0.0843065526
12.5 0.0774282183 0.0838272668
12.6 0.0770063439 0.0833574446
12.7 0.0765933059 0.082897086
12.8 0.0761891041 0.082446191
12.9 0.0757937387 0.0820047596
13 0.0754072095 0.0815727919
13.1 0.0750295167 0.0811502878
13.2 0.0746606601 0.0807372473
13.3 0.0743006399 0.0803336704
13.4 0.073947337 0.0799395571
13.5 0.0735875888 0.0795549075
13.6 0.0732343129 0.0791797215
13.7 0.0728875094 0.0788139991
13.8 0.0725471781 0.0784577404
13.9 0.0722133192 0.0780846007
14 0.0718859325 0.0777133395
14.1 0.0715650182 0.0773485512
14.2 0.0712505761 0.0769902358
14.3 0.0709426063 0.0766383934
14.4 0.0706411089 0.0762930239
14.5 0.0703460837 0.0759541274
14.6 0.0700575309 0.0756217038
14.7 0.0697754503 0.0752957532
14.8 0.0694950988 0.0749762755
14.9 0.0692176409 0.0746632708
15 0.0689450178 0.074356739
15.1 0.0686771213 0.0740566802
15.2 0.0684138432 0.0737630943
15.3 0.0681550754 0.0734759813
15.4 0.0679007095 0.0731953413
15.5 0.0676506375 0.0729211742
15.6 0.067404751 0.0726534801
15.7 0.0671629419 0.0723791508
15.8 0.0669251019 0.0721073745
15.9 0.0666911229 0.0718404251
16 0.0664608966 0.0715783027
16.1 0.0662344957 0.0713210073
16.2 0.0660123976 0.0710685388
16.3 0.0657939254 0.0708208972
16.4 0.0655789842 0.0705780826
16.5 0.0653674794 0.070340095
16.6 0.0651593161 0.0701069343
16.7 0.0649543997 0.0698786006
16.8 0.0647526355 0.0696550938
16.9 0.0645539286 0.069436414
17 0.0643581843 0.0692225611
17.1 0.064165308 0.0690135352
17.2 0.0639752048 0.0688093362
17.3 0.0637877801 0.0686099642
17.4 0.063602939 0.0684154191
17.5 0.063422054 0.0682126922
17.6 0.0632443975 0.068010902
17.7 0.0630694885 0.0678123053
17.8 0.0628972618 0.067616902
17.9 0.0627276521 0.0674246921
18 0.0625605941 0.0672356757
18.1 0.0623960224 0.0670498528
18.2 0.0622338719 0.0668672232
18.3 0.0620740772 0.0666877871
18.4 0.061916573 0.0665115444
18.5 0.061761294 0.0663384952
18.6 0.0616081749 0.0661686394
18.7 0.0614571505 0.0660019771
18.8 0.0613081554 0.0658385081
18.9 0.0611611244 0.0656782326
19 0.0610159921 0.0655211506
19.1 0.0608726933 0.065367262
19.2 0.0607311627 0.0652165668
19.3 0.060591335 0.0650596201
19.4 0.0604531448 0.0649030424
19.5 0.0603180695 0.0647484722
19.6 0.0601852705 0.0645959094
19.7 0.0600542489 0.064445354
19.8 0.0599249566 0.0642968061
19.9 0.0597973456 0.0641502656
20 0.0596713676 0.0640057326

